[viruspic.jpg]
filters=autocolor=1;fill=1,0.504673;finetune2=1,0.000000,0.030877,0.480000,00000000,0.625731;
moddate=30a8ef5bdf8acf01
width=250
height=250
textactive=0
